_id,timestamp,message.R[0][0],message.R[0][1],message.R[0][2],message.R[1][0],message.R[1][1],message.R[1][2],message.R[2][0],message.R[2][1],message.R[2][2],message.hostname,message.id,message.pose.H[0][0],message.pose.H[0][1],message.pose.H[0][2],message.pose.H[0][3],message.pose.H[1][0],message.pose.H[1][1],message.pose.H[1][2],message.pose.H[1][3],message.pose.H[2][0],message.pose.H[2][1],message.pose.H[2][2],message.pose.H[2][3],message.pose.H[3][0],message.pose.H[3][1],message.pose.H[3][2],message.pose.H[3][3],message.pose.attitude[0],message.pose.attitude[1],message.pose.attitude[2],message.pose.attitude_deg[0],message.pose.attitude_deg[1],message.pose.attitude_deg[2],message.pose.position[0],message.pose.position[1],message.pose.position[2],message.time,message.timecode,message.timestamp
6931bc1d00312bd2b803cde4,2025-12-04T16:51:41.224Z,0.1216340893698172,-0.9925057558447702,0.011724884569854398,0.9922191417626253,0.12126570785878739,-0.028209977265947556,0.0265767383817773,0.015064949801053579,0.9995332532059543,Jakku,LHR-14BB18ED,0.1216340893698172,-0.9925057558447702,0.011724884569854398,2.9558770911858057,0.9922191417626253,0.12126570785878739,-0.028209977265947556,-2.4895433230255706,0.0265767383817773,0.015064949801053579,0.9995332532059543,-0.7925087287806897,0,0,0,1,0.015070843482688959,-0.026579868003647797,1.4488169955899997,0.8634957252603204,-1.5229142566238356,83.01109913413099,2.9558770911858057,-2.4895433230255706,-0.7925087287806897,2025-12-04T17:51:40.944689,64300.936,2025-12-04T16:51:40.945Z
6931bc1d00312bd2b803cdea,2025-12-04T16:51:41.400Z,0.12167454618012721,-0.9925021240109733,0.011612004373338416,0.9922123347316688,0.1213083134402674,-0.028266161688626758,0.02664559284740914,0.014960846365902242,0.99953298367679,Jakku,LHR-14BB18ED,0.12167454618012721,-0.9925021240109733,0.011612004373338416,2.9558195455317406,0.9922123347316688,0.1213083134402674,-0.028266161688626758,-2.4896099292048204,0.02664559284740914,0.014960846365902242,0.99953298367679,-0.7924343288810484,0,0,0,1,0.014966718961403613,-0.0266487468620367,1.4487759965676963,0.8575298296468499,-1.5268607245071992,83.00875006318884,2.9558195455317406,-2.4896099292048204,-0.7924343288810484,2025-12-04T17:51:40.984793,64300.978,2025-12-04T16:51:40.985Z
6931bc1d00312bd2b803cdf0,2025-12-04T16:51:41.402Z,0.1216474624359697,-0.9925042978246329,0.011709555180332846,0.9922162294083405,0.1212787893708876,-0.028256138225630063,0.02662421795252247,0.015055698202466597,0.9995321290334058,Jakku,LHR-14BB18ED,0.1216474624359697,-0.9925042978246329,0.011709555180332846,2.955862155360798,0.9922162294083405,0.1212787893708876,-0.028256138225630063,-2.4895268689622876,0.02662421795252247,0.015055698202466597,0.9995321290334058,-0.7924777167523187,0,0,0,1,0.015061606601971329,-0.026627364381243624,1.448803362689768,0.8629664909793343,-1.5256355986022363,83.0103180264852,2.955862155360798,-2.4895268689622876,-0.7924777167523187,2025-12-04T17:51:41.025067,64301.021,2025-12-04T16:51:41.025Z
6931bc1d00312bd2b803cdf6,2025-12-04T16:51:41.403Z,0.12163649563331486,-0.9925063660549687,0.011648015728305008,0.9922178745654409,0.1212697493783212,-0.028237161304867815,0.026613010406276283,0.014992038756600365,0.9995333843604406,Jakku,LHR-14BB18ED,0.12163649563331486,-0.9925063660549687,0.011648015728305008,2.9559135805298853,0.9922178745654409,0.1212697493783212,-0.028237161304867815,-2.4895377503171887,0.026613010406276283,0.014992038756600365,0.9995333843604406,-0.7924722753541608,0,0,0,1,0.014997912910436869,-0.0266161528623292,1.4488144521159538,0.8593171112728016,-1.5249932258865089,83.01095340380286,2.9559135805298853,-2.4895377503171887,-0.7924722753541608,2025-12-04T17:51:41.065903,64301.063,2025-12-04T16:51:41.066Z
6931bc1d00312bd2b803cdfc,2025-12-04T16:51:41.405Z,0.12167328052080856,-0.9925027194532564,0.01157431143501725,0.992213547585136,0.12130871451045437,-0.028221831484493077,0.026606179654785605,0.014918031428817409,0.9995346735068604,Jakku,LHR-14BB18ED,0.12167328052080856,-0.9925027194532564,0.01157431143501725,2.9558339993913605,0.992213547585136,0.12130871451045437,-0.028221831484493077,-2.489492547952357,0.026606179654785605,0.014918031428817409,0.9995346735068604,-0.7924818259927446,0,0,0,1,0.014923868359863453,-0.026609319691226513,1.448777400939492,0.8550746710290018,-1.5246017140216341,83.00883052776561,2.9558339993913605,-2.489492547952357,-0.7924818259927446,2025-12-04T17:51:41.106021,64301.105,2025-12-04T16:51:41.106Z
6931bc1d00312bd2b803ce02,2025-12-04T16:51:41.406Z,0.12173480787806772,-0.9924952603332152,0.011566968790195023,0.9922060970701724,0.12137047286514993,-0.028218243270349577,0.02660258422906939,0.014911959381424493,0.9995348598121738,Jakku,LHR-14BB18ED,0.12173480787806772,-0.9924952603332152,0.011566968790195023,2.955820383130653,0.9922060970701724,0.12137047286514993,-0.028218243270349577,-2.4895247860352385,0.02660258422906939,0.014911959381424493,0.9995348598121738,-0.7924671158898988,0,0,0,1,0.014917792057881631,-0.026605722992425623,1.448715402251189,0.8547265245703966,-1.5243956383601633,83.00527826459049,2.955820383130653,-2.4895247860352385,-0.7924671158898988,2025-12-04T17:51:41.145200,64301.136,2025-12-04T16:51:41.145Z
6931bc1d00312bd2b803ce08,2025-12-04T16:51:41.409Z,0.12178558326999216,-0.9924877678743148,0.011674858776351459,0.9921981899212985,0.12141720806456566,-0.02829511446705302,0.02666502624198119,0.015029710764543958,0.9995314323070829,Jakku,LHR-14BB18ED,0.12178558326999216,-0.9924877678743148,0.011674858776351459,2.955964534802572,0.9921981899212985,0.12141720806456566,-0.02829511446705302,-2.4896153641355006,0.02666502624198119,0.015029710764543958,0.9995314323070829,-0.7926316597489336,0,0,0,1,0.015035623366072266,-0.026668187164057236,1.4486640235764636,0.8614777612242251,-1.5279745717654356,83.00233448337175,2.955964534802572,-2.4896153641355006,-0.7926316597489336,2025-12-04T17:51:41.185564,64301.178,2025-12-04T16:51:41.185Z
6931bc1d00312bd2b803ce0e,2025-12-04T16:51:41.410Z,0.12172898326845198,-0.9924944118104734,0.011700305868261634,0.9922072285810785,0.1213610950433395,-0.02821879092618431,0.026587030369771922,0.015044172787608228,0.99953329243265,Jakku,LHR-14BB18ED,0.12172898326845198,-0.9924944118104734,0.011700305868261634,2.955782936446993,0.9922072285810785,0.1213610950433395,-0.02821879092618431,-2.489718825684175,0.026587030369771922,0.015044172787608228,0.99953329243265,-0.7925348700460287,0,0,0,1,0.015050060890989621,-0.02659016362971231,1.4487213233965561,0.8623049704686047,-1.5235041525447772,83.00561752122991,2.955782936446993,-2.489718825684175,-0.7925348700460287,2025-12-04T17:51:41.225891,64301.221,2025-12-04T16:51:41.226Z
6931bc1d00312bd2b803ce14,2025-12-04T16:51:41.412Z,0.12173618743435397,-0.9924935673429847,0.0116969847287354,0.9922094354638242,0.12137014140784848,-0.028102045320528565,0.026471434519233818,0.015026894470756173,0.9995366204382202,Jakku,LHR-14BB18ED,0.12173618743435397,-0.9924935673429847,0.0116969847287354,2.9557377454734888,0.9922094354638242,0.12137014140784848,-0.028102045320528565,-2.4896316263677893,0.026471434519233818,0.015026894470756173,0.9995366204382202,-0.7925436245701782,0,0,0,1,0.01503272837227942,-0.02647452707943518,1.4487144391675204,0.8613118902981786,-1.5168786662564453,83.00522308396097,2.9557377454734888,-2.4896316263677893,-0.7925436245701782,2025-12-04T17:51:41.265856,64301.263,2025-12-04T16:51:41.266Z
6931bc1d00312bd2b803ce1a,2025-12-04T16:51:41.413Z,0.1217114038990946,-0.9924972267100091,0.011644274724159904,0.9922127229491652,0.12134700267882446,-0.02808589252039831,0.026462172600025265,0.014971970939243653,0.999537689888421,Jakku,LHR-14BB18ED,0.1217114038990946,-0.9924972267100091,0.011644274724159904,2.955687785698568,0.9922127229491652,0.12134700267882446,-0.02808589252039831,-2.489397858782542,0.026462172600025265,0.014971970939243653,0.999537689888421,-0.7926476238259464,0,0,0,1,0.014977775726793194,-0.026465261914572612,1.448739447349007,0.8581633356387391,-1.5163478114133273,83.00665594721345,2.955687785698568,-2.489397858782542,-0.7926476238259464,2025-12-04T17:51:41.306001,64301.305,2025-12-04T16:51:41.306Z
6931bc1d00312bd2b803ce20,2025-12-04T16:51:41.414Z,0.12172117863170571,-0.9924966744662527,0.011589039905771845,0.9922107603992858,0.1213579050710048,-0.028108109588636784,0.026490783687506493,0.014920122325441647,0.9995377073074411,Jakku,LHR-14BB18ED,0.12172117863170571,-0.9924966744662527,0.011589039905771845,2.955632258814917,0.9922107603992858,0.1213579050710048,-0.028108109588636784,-2.4894015075400797,0.026490783687506493,0.014920122325441647,0.9995377073074411,-0.792705213610216,0,0,0,1,0.014925914467353836,-0.02649388303557216,1.4487295028991454,0.855191904352631,-1.5179876808515347,83.00608617220678,2.955632258814917,-2.4894015075400797,-0.792705213610216,2025-12-04T17:51:41.346132,64301.336,2025-12-04T16:51:41.346Z
6931bc1d00312bd2b803ce26,2025-12-04T16:51:41.416Z,0.12172886352602824,-0.9924948561529692,0.011663802748606547,0.9922114841539714,0.1213644125819846,-0.02805441269393971,0.026428289722071174,0.014987990810197587,0.9995383462548296,Jakku,LHR-14BB18ED,0.12172886352602824,-0.9924948561529692,0.011663802748606547,2.9557325257436324,0.9922114841539714,0.1213644125819846,-0.02805441269393971,-2.489483545222721,0.026428289722071174,0.014987990810197587,0.9995383462548296,-0.7925637324850628,0,0,0,1,0.014993789563786214,-0.02643136718239924,1.448721960680211,0.8590808609122497,-1.5144057863120668,83.0056540348937,2.9557325257436324,-2.489483545222721,-0.7925637324850628,2025-12-04T17:51:41.386031,64301.378,2025-12-04T16:51:41.386Z
6931bc1d00312bd2b803ce2c,2025-12-04T16:51:41.432Z,0.12173151524636827,-0.9924932308864037,0.01177390506546062,0.9922129326707738,0.1213649644076969,-0.028000743832610052,0.026361609144440565,0.01509079384875703,0.9995385602888616,Jakku,LHR-14BB18ED,0.12173151524636827,-0.9924932308864037,0.01177390506546062,2.955733361178211,0.9922129326707738,0.1213649644076969,-0.028000743832610052,-2.489467120267438,0.026361609144440565,0.01509079384875703,0.9995385602888616,-0.7925493803277882,0,0,0,1,0.01509661357209669,-0.026364663364654425,1.4487195042277443,0.864972242621058,-1.5105839390778792,83.00551329053476,2.955733361178211,-2.489467120267438,-0.7925493803277882,2025-12-04T17:51:41.427161,64301.421,2025-12-04T16:51:41.427Z
6931bc1d00312bd2b803ce32,2025-12-04T16:51:41.473Z,0.12173855175334175,-0.9924920868516915,0.011797565586721494,0.9922111137779183,0.12137078213663625,-0.02803995255207918,0.026397551261067128,0.015119218905591552,0.9995371821533725,Jakku,LHR-14BB18ED,0.12173855175334175,-0.9924920868516915,0.011797565586721494,2.955764555216446,0.9922111137779183,0.12137078213663625,-0.02803995255207918,-2.4895217768313582,0.026397551261067128,0.015119218905591552,0.9995371821533725,-0.792520066401975,0,0,0,1,0.015125066109268429,-0.026400617993554133,1.4487122960819179,0.8666024529174378,-1.5126439875677913,83.00510029420082,2.955764555216446,-2.4895217768313582,-0.792520066401975,2025-12-04T17:51:41.467310,64301.463,2025-12-04T16:51:41.467Z
6931bc1d00312bd2b803ce38,2025-12-04T16:51:41.512Z,0.12167001972902293,-0.9925008636267392,0.01176613782495718,0.9922211860328723,0.12130412628926013,-0.027971895408042038,0.02633484928110338,0.015077952293859947,0.9995394594852,Jakku,LHR-14BB18ED,0.12167001972902293,-0.9925008636267392,0.01176613782495718,2.9556151804762796,0.9922211860328723,0.12130412628926013,-0.027971895408042038,-2.489462738415958,0.02633484928110338,0.015077952293859947,0.9995394594852,-0.7926861334567645,0,0,0,1,0.015083755446727893,-0.026337894207738223,1.4487815686566186,0.864235526304976,-1.5090501793654572,83.00906932036715,2.9556151804762796,-2.489462738415958,-0.7926861334567645,2025-12-04T17:51:41.507513,64301.505,2025-12-04T16:51:41.508Z
6931bc1d00312bd2b803ce3e,2025-12-04T16:51:41.550Z,0.12176442917599668,-0.9924889862796281,0.011791348569163109,0.9922084547631105,0.12139711758062935,-0.02802003104413385,0.026378136477831403,0.015111318828965287,0.9995378141717333,Jakku,LHR-14BB18ED,0.12176442917599668,-0.9924889862796281,0.011791348569163109,2.9557555248951832,0.9922084547631105,0.12139711758062935,-0.02802003104413385,-2.4895023744001783,0.026378136477831403,0.015111318828965287,0.9995378141717333,-0.7925287713665882,0,0,0,1,0.015117154624402114,-0.02638119644735154,1.4486862783943544,0.8661491582249163,-1.5115312149387645,83.00360959051072,2.9557555248951832,-2.4895023744001783,-0.7925287713665882,2025-12-04T17:51:41.547620,64301.547,2025-12-04T16:51:41.548Z
6931bc1d00312bd2b803ce44,2025-12-04T16:51:41.590Z,0.12174117620072457,-0.9924916620824327,0.011806215063007525,0.992209900544671,0.121372650369175,-0.02807477521717939,0.026431028704863618,0.015132099629986032,0.9995361025407692,Jakku,LHR-14BB18ED,0.12174117620072457,-0.9924916620824327,0.011806215063007525,2.955730465881688,0.992209900544671,0.121372650369175,-0.02807477521717939,-2.4895678670521937,0.026431028704863618,0.015132099629986032,0.9995361025407692,-0.7925296319894353,0,0,0,1,0.015137966195717185,-0.026434107122319705,1.4487095424575536,0.8673415734263055,-1.5145627733056288,83.00494252314635,2.955730465881688,-2.4895678670521937,-0.7925296319894353,2025-12-04T17:51:41.587806,64301.578,2025-12-04T16:51:41.588Z
6931bc1d00312bd2b803ce4a,2025-12-04T16:51:41.631Z,0.12170100600484039,-0.9924962867350624,0.01183156602154124,0.9922150512733657,0.12133191156245639,-0.028068830812690106,0.026422663832418838,0.015155462833991813,0.9995359697290972,Jakku,LHR-14BB18ED,0.12170100600484039,-0.9924962867350624,0.01183156602154124,2.9557670280803636,0.9922150512733657,0.12133191156245639,-0.028068830812690106,-2.4895666665918017,0.026422663832418838,0.015155462833991813,0.9995359697290972,-0.7924922971502908,0,0,0,1,0.015161336892899495,-0.02642573932742178,1.4487500550725254,0.8686806157391301,-1.5140833339741468,83.0072637250013,2.9557670280803636,-2.4895666665918017,-0.7924922971502908,2025-12-04T17:51:41.628069,64301.621,2025-12-04T16:51:41.628Z
6931bc1d00312bd2b803ce50,2025-12-04T16:51:41.677Z,0.12174769279446619,-0.992491275237589,0.011771485738357235,0.9922118353072843,0.12138171016551558,-0.027967021890862274,0.02632818215094889,0.015084727858293791,0.9995395328900541,Jakku,LHR-14BB18ED,0.12174769279446619,-0.992491275237589,0.011771485738357235,2.955769862076347,0.9922118353072843,0.12138171016551558,-0.027967021890862274,-2.4895728805355763,0.02632818215094889,0.015084727858293791,0.9995395328900541,-0.792513000796465,0,0,0,1,0.015090531482100494,-0.026331224765058035,1.4487033078304103,0.8646237645336573,-1.508668048448178,83.00458530532421,2.955769862076347,-2.4895728805355763,-0.792513000796465,2025-12-04T17:51:41.667431,64301.663,2025-12-04T16:51:41.667Z
6931bc1d00312bd2b803ce55,2025-12-04T16:51:41.711Z,0.12177694345744618,-0.9924872614843648,0.011807278832480115,0.9922054693062848,0.12140834498627809,-0.028077044830017727,0.026432607152075398,0.015134383335928396,0.9995360262242604,Jakku,LHR-14BB18ED,0.12177694345744618,-0.9924872614843648,0.011807278832480115,2.9558219542914173,0.9922054693062848,0.12140834498627809,-0.028077044830017727,-2.4896672136461335,0.026432607152075398,0.015134383335928396,0.9995360262242604,-0.7924443255284686,0,0,0,1,0.015140251593755953,-0.026435686121204536,1.4486734891788395,0.8674725170884343,-1.5146532432775854,83.00287682243845,2.9558219542914173,-2.4896672136461335,-0.7924443255284686,2025-12-04T17:51:41.708340,64301.705,2025-12-04T16:51:41.708Z
6931bc1d00312bd2b803ce5c,2025-12-04T16:51:41.753Z,0.1217988025327334,-0.9924849339714333,0.011777416580538777,0.9922045980144641,0.1214320739195703,-0.02800512636190763,0.026364509867370264,0.015096597739600572,0.9995383961390089,Jakku,LHR-14BB18ED,0.1217988025327334,-0.9924849339714333,0.011777416580538777,2.955844575097542,0.9922045980144641,0.1214320739195703,-0.02800512636190763,-2.489526184137228,0.026364509867370264,0.015096597739600572,0.9995383961390089,-0.7925013636322994,0,0,0,1,0.015102421298379258,-0.0263675650961269,1.4486516791824686,0.8653050008256165,-1.5107501960445322,83.00162720169519,2.955844575097542,-2.489526184137228,-0.7925013636322994,2025-12-04T17:51:41.748449,64301.747,2025-12-04T16:51:41.748Z
6931bc1d00312bd2b803ce61,2025-12-04T16:51:41.791Z,0.1217446289489092,-0.9924914753144243,0.011786295019624419,0.9922096656024563,0.12137677269789825,-0.028065254933876946,0.02642394382285189,0.015111269888394846,0.9995366049901359,Jakku,LHR-14BB18ED,0.1217446289489092,-0.9924914753144243,0.011786295019624419,2.955855770137605,0.9922096656024563,0.12137677269789825,-0.028065254933876946,-2.4896512677282856,0.02642394382285189,0.015111269888394846,0.9995366049901359,-0.7927946306821084,0,0,0,1,0.01511712395740458,-0.026427019764927846,1.4487060855901615,0.8661474011353874,-1.5141566976391745,83.00474445923447,2.955855770137605,-2.4896512677282856,-0.7927946306821084,2025-12-04T17:51:41.788668,64301.778,2025-12-04T16:51:41.789Z
6931bc1d00312bd2b803ce67,2025-12-04T16:51:41.831Z,0.12180905475254605,-0.9924848524347543,0.011677836608503812,0.9922009561415549,0.12144377628325415,-0.02808330169061535,0.026454050957735682,0.015007561081886776,0.9995373711364168,Jakku,LHR-14BB18ED,0.12180905475254605,-0.9924848524347543,0.011677836608503812,2.955758287106684,0.9922009561415549,0.12144377628325415,-0.02808330169061535,-2.4897658852948066,0.026454050957735682,0.015007561081886776,0.9995373711364168,-0.792579295550579,0,0,0,1,0.015013379111604592,-0.0264571374280862,1.4486410558978389,0.8602032593248126,-1.515882312626945,83.00101853232135,2.955758287106684,-2.4897658852948066,-0.792579295550579,2025-12-04T17:51:41.828809,64301.821,2025-12-04T16:51:41.829Z
6931bc1d00312bd2b803ce6d,2025-12-04T16:51:41.871Z,0.12180049191945971,-0.9924840004168537,0.011838457869847748,0.9922038769182877,0.12143174452180462,-0.028032089660054476,0.026383835894271505,0.01516048610532183,0.9995369192103684,Jakku,LHR-14BB18ED,0.12180049191945971,-0.9924840004168537,0.011838457869847748,2.9559956160403575,0.9922038769182877,0.12143174452180462,-0.028032089660054476,-2.4898459011865706,0.026383835894271505,0.01516048610532183,0.9995369192103684,-0.7925370887685773,0,0,0,1,0.01516634693611281,-0.026386897848100225,1.4486499139086209,0.8689676700704312,-1.511857881138977,83.00152605895403,2.9559956160403575,-2.4898459011865706,-0.7925370887685773,2025-12-04T17:51:41.868949,64301.863,2025-12-04T16:51:41.869Z
6931bc1d00312bd2b803ce73,2025-12-04T16:51:41.913Z,0.12178239460299854,-0.9924877530817318,0.011709327373275095,0.992210521576319,0.12141982871179441,-0.02784790959562732,0.026216964698594164,0.015009502935588538,0.9995435886361431,Jakku,LHR-14BB18ED,0.12178239460299854,-0.9924877530817318,0.011709327373275095,2.9559051750985015,0.992210521576319,0.12141982871179441,-0.02784790959562732,-2.489620832966852,0.026216964698594164,0.015009502935588538,0.9995435886361431,-0.7924917503458214,0,0,0,1,0.015015228039808629,-0.02621996890894522,1.4486686924482477,0.8603091951075266,-1.502293557446799,83.00260199002007,2.9559051750985015,-2.489620832966852,-0.7924917503458214,2025-12-04T17:51:41.908636,64301.905,2025-12-04T16:51:41.909Z
6931bc1d00312bd2b803ce79,2025-12-04T16:51:41.952Z,0.12181626023060144,-0.9924839402802754,0.0116801981647933,0.9922062347789564,0.12145442037606641,-0.02784980137952679,0.026221868911193505,0.014981724094780609,0.9995438767427632,Jakku,LHR-14BB18ED,0.12181626023060144,-0.9924839402802754,0.0116801981647933,2.9559485028111507,0.9922062347789564,0.12145442037606641,-0.02784980137952679,-2.4896920424775866,0.026221868911193505,0.014981724094780609,0.9995438767427632,-0.7923188029699154,0,0,0,1,0.014987438449067013,-0.026224874808133854,1.4486345450848936,0.858716968843636,-1.5025746447650243,83.00064549021839,2.9559485028111507,-2.4896920424775866,-0.7923188029699154,2025-12-04T17:51:41.948722,64301.947,2025-12-04T16:51:41.949Z
6931bc1d00312bd2b803ce7f,2025-12-04T16:51:41.991Z,0.12182630748095295,-0.9924829283159099,0.01166138100880174,0.9922050304143252,0.12146500720316207,-0.027846537408494527,0.02622076326240847,0.014962921727118335,0.9995441873910953,Jakku,LHR-14BB18ED,0.12182630748095295,-0.9924829283159099,0.01166138100880174,2.9558256997212564,0.9922050304143252,0.12146500720316207,-0.027846537408494527,-2.4896786031255527,0.02622076326240847,0.014962921727118335,0.9995441873910953,-0.7923556524155797,0,0,0,1,0.014968627069649758,-0.026223768779054194,1.4486244224693776,0.857639156196208,-1.502511273966741,83.00006550707168,2.9558256997212564,-2.4896786031255527,-0.7923556524155797,2025-12-04T17:51:41.988781,64301.978,2025-12-04T16:51:41.989Z
6931bc1e00312bd2b803ce85,2025-12-04T16:51:42.031Z,0.12187015322880088,-0.9924768814212376,0.011717747068578714,0.992200071624986,0.12150749291473974,-0.027837870481515686,0.026204648811991187,0.015018955021873004,0.9995437696122623,Jakku,LHR-14BB18ED,0.12187015322880088,-0.9924768814212376,0.011717747068578714,2.9558326199808618,0.992200071624986,0.12150749291473974,-0.027837870481515686,-2.4896744514289093,0.026204648811991187,0.015018955021873004,0.9995437696122623,-0.7922814733740688,0,0,0,1,0.015024679588967084,-0.026207648789614707,1.4485802840590238,0.8608507289841664,-1.501587666606063,82.99753656244398,2.9558326199808618,-2.4896744514289093,-0.7922814733740688,2025-12-04T17:51:42.028905,64302.021,2025-12-04T16:51:42.029Z
6931bc1e00312bd2b803ce8b,2025-12-04T16:51:42.071Z,0.12182117409577085,-0.9924834469592734,0.011670863454201966,0.9922036456049682,0.12145846103776721,-0.027924324352549386,0.026296904573297912,0.014981647245075783,0.9995419066030633,Jakku,LHR-14BB18ED,0.12182117409577085,-0.9924834469592734,0.011670863454201966,2.955745003092938,0.9922036456049682,0.12145846103776721,-0.027924324352549386,-2.489796169244976,0.026296904573297912,0.014981647245075783,0.9995419066030633,-0.7923842714822955,0,0,0,1,0.014987391117866988,-0.026299936354265738,1.4486293505318038,0.8587142569656353,-1.5068753545621079,83.00034786424987,2.955745003092938,-2.489796169244976,-0.7923842714822955,2025-12-04T17:51:42.069010,64302.063,2025-12-04T16:51:42.069Z
6931bc1e00312bd2b803ce91,2025-12-04T16:51:42.111Z,0.12178963994402969,-0.9924870977674543,0.01168949816883209,0.9922106980088059,0.12142823644563204,-0.027804930328643913,0.026176599457926594,0.014984797590863914,0.9995450172363325,Jakku,LHR-14BB18ED,0.12178963994402969,-0.9924870977674543,0.01168949816883209,2.955794743825618,0.9922106980088059,0.12142823644563204,-0.027804930328643913,-2.489712523136644,0.026176599457926594,0.014984797590863914,0.9995450172363325,-0.7925112812397864,0,0,0,1,0.014990495555096049,-0.02617958981038685,1.4486615201088406,0.8588921281166239,-1.499980005518862,83.00219104524281,2.955794743825618,-2.489712523136644,-0.7925112812397864,2025-12-04T17:51:42.109293,64302.105,2025-12-04T16:51:42.109Z
6931bc1e00312bd2b803ce97,2025-12-04T16:51:42.153Z,0.12179472336187921,-0.992486249271046,0.01170855965069955,0.9922112358609388,0.12143344964052748,-0.027762938239826358,0.026132523653682856,0.014998743823804785,0.9995459613700601,Jakku,LHR-14BB18ED,0.12179472336187921,-0.992486249271046,0.01170855965069955,2.9559755585418697,0.9922112358609388,0.12143344964052748,-0.027762938239826358,-2.489557469474076,0.026132523653682856,0.014998743823804785,0.9995459613700601,-0.7924277719816221,0,0,0,1,0.015004430827673484,-0.026135498923129472,1.448656538384279,0.8596905604216752,-1.4974537837640267,83.00190561345073,2.9559755585418697,-2.489557469474076,-0.7924277719816221,2025-12-04T17:51:42.149098,64302.147,2025-12-04T16:51:42.149Z
6931bc1e00312bd2b803ce9d,2025-12-04T16:51:42.192Z,0.12181420863084227,-0.9924846344016348,0.011642553512642465,0.9922104462588008,0.12145568771864466,-0.02769379453418196,0.02607161119977269,0.014925360881537513,0.9995486504878108,Jakku,LHR-14BB18ED,0.12181420863084227,-0.9924846344016348,0.011642553512642465,2.955840342606908,0.9922104462588008,0.12145568771864466,-0.02769379453418196,-2.4893384583172504,0.02607161119977269,0.014925360881537513,0.9995486504878108,-0.7926208340540486,0,0,0,1,0.01493099083459072,-0.026074565708227308,1.4486370954652776,0.8554827587705629,-1.493962567717969,83.00079161625052,2.955840342606908,-2.4893384583172504,-0.7926208340540486,2025-12-04T17:51:42.189245,64302.178,2025-12-04T16:51:42.189Z
6931bc1e00312bd2b803cea3,2025-12-04T16:51:42.231Z,0.1218188508498832,-0.9924843721314437,0.011616309761177633,0.9922070767711331,0.12145946256617701,-0.027797765349337176,0.02617793694879943,0.014912076582057024,0.9995460697682301,Jakku,LHR-14BB18ED,0.1218188508498832,-0.9924843721314437,0.011616309761177633,2.955792271735016,0.9922070767711331,0.12145946256617701,-0.027797765349337176,-2.4894013851224925,0.02617793694879943,0.014912076582057024,0.9995460697682301,-0.7925280387062886,0,0,0,1,0.01491774200672988,-0.026180927759752733,1.4486320755294382,0.8547236568506413,-1.500056664370729,83.0005039951135,2.955792271735016,-2.4894013851224925,-0.7925280387062886,2025-12-04T17:51:42.229370,64302.221,2025-12-04T16:51:42.229Z
6931bc1e00312bd2b803cea9,2025-12-04T16:51:42.272Z,0.1217912505797256,-0.9924876566845484,0.01162508542077286,0.9922072273262746,0.1214297885017051,-0.02792175685619234,0.02630036736875958,0.014935119458674801,0.9995425117937824,Jakku,LHR-14BB18ED,0.1217912505797256,-0.9924876566845484,0.01162508542077286,2.9557766234786067,0.9922072273262746,0.1214297885017051,-0.02792175685619234,-2.4894455601182184,0.02630036736875958,0.014935119458674801,0.9995425117937824,-0.792584252207494,0,0,0,1,0.014940843385505543,-0.02630340034781518,1.4486594979335061,0.85604726835542,-1.5070738267727515,83.00207518313071,2.9557766234786067,-2.4894455601182184,-0.792584252207494,2025-12-04T17:51:42.269389,64302.263,2025-12-04T16:51:42.269Z
6931bc1e00312bd2b803ceaf,2025-12-04T16:51:42.312Z,0.12176724207877836,-0.9924896353447299,0.011707369038893724,0.9922077126113991,0.12140207344363527,-0.028024838947621034,0.026393063311827843,0.015028649203131968,0.9995386665417938,Jakku,LHR-14BB18ED,0.12176724207877836,-0.9924896353447299,0.011707369038893724,2.9558271386084334,0.9922077126113991,0.12140207344363527,-0.028024838947621034,-2.489600744753846,0.026393063311827843,0.015028649203131968,0.9995386665417938,-0.7924383942640048,0,0,0,1,0.015034452749728342,-0.02639612848009284,1.4486833950333569,0.8614106898482893,-1.512386757394392,83.00344438609476,2.9558271386084334,-2.489600744753846,-0.7924383942640048,2025-12-04T17:51:42.309988,64302.305,2025-12-04T16:51:42.310Z
6931bc1e00312bd2b803ceb4,2025-12-04T16:51:42.352Z,0.12179433085931038,-0.9924858444894626,0.011746891442873796,0.9922061327982497,0.12142902949476206,-0.027963920209816175,0.02632738133718704,0.01506118468109245,0.9995399090121057,Jakku,LHR-14BB18ED,0.12179433085931038,-0.9924858444894626,0.011746891442873796,2.9558856916499407,0.9922061327982497,0.12142902949476206,-0.027963920209816175,-2.4894946658523645,0.02632738133718704,0.01506118468109245,0.9995399090121057,-0.7924371274724189,0,0,0,1,0.015066977145319143,-0.026330423673608952,1.4486563061438433,0.8632742004468561,-1.5086221492891414,83.00189230705394,2.9558856916499407,-2.4894946658523645,-0.7924371274724189,2025-12-04T17:51:42.349869,64302.347,2025-12-04T16:51:42.350Z
6931bc1e00312bd2b803cebb,2025-12-04T16:51:42.397Z,0.12180326629141694,-0.9924855483438332,0.01167906885769471,0.9922032096425896,0.12143883204074268,-0.028025003970072716,0.026396118951174163,0.015001546627626351,0.9995389929878147,Jakku,LHR-14BB18ED,0.12180326629141694,-0.9924855483438332,0.01167906885769471,2.9557695452100243,0.9922032096425896,0.12143883204074268,-0.028025003970072716,-2.489762339299221,0.026396118951174163,0.015001546627626351,0.9995389929878147,-0.7924339035417777,0,0,0,1,0.015007338881962828,-0.026399185184388548,1.4486470779164278,0.8598571796590495,-1.5125618936497558,83.00136356857064,2.9557695452100243,-2.489762339299221,-0.7924339035417777,2025-12-04T17:51:42.389943,64302.389,2025-12-04T16:51:42.390Z
6931bc1e00312bd2b803cec0,2025-12-04T16:51:42.433Z,0.12179134868442859,-0.9924868813220523,0.0116900722518743,0.9922031556355203,0.12142574783396198,-0.02808354874080599,0.026453077940801737,0.015019259854904581,0.9995372211683109,Jakku,LHR-14BB18ED,0.12179134868442859,-0.9924868813220523,0.0116900722518743,2.9557970329641163,0.9922031556355203,0.12142574783396198,-0.02808354874080599,-2.489761043938887,0.026453077940801737,0.015019259854904581,0.9995372211683109,-0.7924464935006467,0,0,0,1,0.015025082913304049,-0.02645616407051919,1.4486589042839777,0.8608738377664494,-1.5158265433463978,83.00204116951822,2.9557970329641163,-2.489761043938887,-0.7924464935006467,2025-12-04T17:51:42.430165,64302.421,2025-12-04T16:51:42.430Z
6931bc1e00312bd2b803cec6,2025-12-04T16:51:42.472Z,0.12185641647095928,-0.9924780658162851,0.011760214216643174,0.9921970267518576,0.12148985936811686,-0.028022743896474574,0.026383211889919475,0.015083200730626066,0.999538104919513,Jakku,LHR-14BB18ED,0.12185641647095928,-0.9924780658162851,0.011760214216643174,2.9558364410431652,0.9921970267518576,0.12148985936811686,-0.028022743896474574,-2.4896020425001137,0.026383211889919475,0.015083200730626066,0.999538104919513,-0.7925242920953128,0,0,0,1,0.015089025552117444,-0.026386273626453047,1.448593551764994,0.8645374811013863,-1.5118221158731129,82.9982967459999,2.9558364410431652,-2.4896020425001137,-0.7925242920953128,2025-12-04T17:51:42.470234,64302.463,2025-12-04T16:51:42.470Z
6931bc1e00312bd2b803cecc,2025-12-04T16:51:42.512Z,0.12185032281531749,-0.9924786209871854,0.011776489849580836,0.992198059819849,0.12148347224773122,-0.028013854792956268,0.026372503095631435,0.015098107630065489,0.9995381624662772,Jakku,LHR-14BB18ED,0.12185032281531749,-0.9924786209871854,0.011776489849580836,2.9559174500849816,0.992198059819849,0.12148347224773122,-0.028013854792956268,-2.4895394635094465,0.026372503095631435,0.015098107630065489,0.9995381624662772,-0.79246916663635,0,0,0,1,0.01510393507206018,-0.026375561104676374,1.4485997280553768,0.8653917336686712,-1.5112083335873676,82.99865062137188,2.9559174500849816,-2.4895394635094465,-0.79246916663635,2025-12-04T17:51:42.510556,64302.505,2025-12-04T16:51:42.510Z
6931bc1e00312bd2b803ced2,2025-12-04T16:51:42.552Z,0.12186940299662087,-0.9924782695007837,0.011607462340097753,0.9921903118423203,0.12150426176202707,-0.02819750804419833,0.026575057845376508,0.014953225150258471,0.9995349755551932,Jakku,LHR-14BB18ED,0.12186940299662087,-0.9924782695007837,0.011607462340097753,2.955712855103231,0.9921903118423203,0.12150426176202707,-0.02819750804419833,-2.4897915137578166,0.026575057845376508,0.014953225150258471,0.9995349755551932,-0.7925108893860493,0,0,0,1,0.01495906608572225,-0.02657818687346921,1.4485798387030657,0.8570913521691695,-1.5228179349597906,82.99751104542722,2.955712855103231,-2.4897915137578166,-0.7925108893860493,2025-12-04T17:51:42.550482,64302.547,2025-12-04T16:51:42.550Z
6931bc1e00312bd2b803ced9,2025-12-04T16:51:42.599Z,0.12183024590197129,-0.9924816880217058,0.011725618322727194,0.9921995008361426,0.12146425727376428,-0.028046118188460988,0.02641101520149464,0.015051018122300948,0.9995378557761126,Jakku,LHR-14BB18ED,0.12183024590197129,-0.9924816880217058,0.011725618322727194,2.955805660312921,0.9921995008361426,0.12146425727376428,-0.028046118188460988,-2.4896696368993907,0.02641101520149464,0.015051018122300948,0.9995378557761126,-0.792415788576613,0,0,0,1,0.015056839138911472,-0.026414086629873868,1.4486198379251816,0.86269333546702,-1.513415683584709,82.99980283203824,2.955805660312921,-2.4896696368993907,-0.792415788576613,2025-12-04T17:51:42.590714,64302.589,2025-12-04T16:51:42.591Z
6931bc1e00312bd2b803cede,2025-12-04T16:51:42.633Z,0.12183604968190198,-0.9924812521345582,0.011702186091845954,0.9921985279964353,0.12147057217599008,-0.028053184078521982,0.026420788020326547,0.015028780943796326,0.9995379320984914,Jakku,LHR-14BB18ED,0.12183604968190198,-0.9924812521345582,0.011702186091845954,2.95580975115552,0.9921985279964353,0.12147057217599008,-0.028053184078521982,-2.489607459631271,0.026420788020326547,0.015028780943796326,0.9995379320984914,-0.7924649053966041,0,0,0,1,0.015034595566897188,-0.026423862860227135,1.448613956792477,0.8614188726693063,-1.5139758203234988,82.99946586795552,2.95580975115552,-2.489607459631271,-0.7924649053966041,2025-12-04T17:51:42.630877,64302.621,2025-12-04T16:51:42.631Z
6931bc1e00312bd2b803cee4,2025-12-04T16:51:42.673Z,0.12180394190664771,-0.9924848014533573,0.01173535768911726,0.9922014189493851,0.12143694437608646,-0.028096490446762504,0.026460233763664593,0.015066101841178887,0.9995363268058263,Jakku,LHR-14BB18ED,0.12180394190664771,-0.9924848014533573,0.01173535768911726,2.9558445582920556,0.9922014189493851,0.12143694437608646,-0.028096490446762504,-2.489515437568348,0.026460233763664593,0.015066101841178887,0.9995363268058263,-0.7925021378683406,0,0,0,1,0.015071949459235214,-0.02646332239907324,1.448646188835568,0.8635590930486612,-1.5162366853609133,83.00131262798972,2.9558445582920556,-2.489515437568348,-0.7925021378683406,2025-12-04T17:51:42.670752,64302.663,2025-12-04T16:51:42.671Z
6931bc1e00312bd2b803ceea,2025-12-04T16:51:42.713Z,0.1218501487323027,-0.992478828837475,0.011760763721343223,0.9921987596586106,0.12148413028157125,-0.027986200557484405,0.026346965400768536,0.015079137877336203,0.999539122303398,Jakku,LHR-14BB18ED,0.1218501487323027,-0.992478828837475,0.011760763721343223,2.9558310792624254,0.9921987596586106,0.12148413028157125,-0.027986200557484405,-2.4894348343071897,0.026346965400768536,0.015079137877336203,0.999539122303398,-0.7925771085395905,0,0,0,1,0.01508494639453737,-0.026350014532936897,1.448599986235178,0.8643037625880794,-1.5097446228456672,82.99866541398484,2.9558310792624254,-2.4894348343071897,-0.7925771085395905,2025-12-04T17:51:42.711341,64302.705,2025-12-04T16:51:42.711Z
6931bc1e00312bd2b803cef0,2025-12-04T16:51:42.753Z,0.12182962939396529,-0.9924818191778335,0.011720921601425138,0.9921967669459124,0.1214621756908997,-0.028151652500524416,0.026516354647771252,0.015059165909527132,0.9995349440906521,Jakku,LHR-14BB18ED,0.12182962939396529,-0.9924818191778335,0.011720921601425138,2.955831182952477,0.9921967669459124,0.1214621756908997,-0.028151652500524416,-2.489478672400042,0.026516354647771252,0.015059165909527132,0.9995349440906521,-0.7926199296308342,0,0,0,1,0.015065032722723191,-0.02651946298159402,1.4486201167488668,0.8631627932385182,-1.5194533037987596,82.99981880745864,2.955831182952477,-2.489478672400042,-0.7926199296308342,2025-12-04T17:51:42.751329,64302.747,2025-12-04T16:51:42.751Z
6931bc1e00312bd2b803cef6,2025-12-04T16:51:42.803Z,0.12178566513382001,-0.9924867307598805,0.01176184651648254,0.9922043943071113,0.12141834471981815,-0.028071791591501805,0.026432776728342683,0.015088897609288785,0.9995367094226035,Jakku,LHR-14BB18ED,0.12178566513382001,-0.9924867307598805,0.01176184651648254,2.955841599644206,0.9922043943071113,0.12141834471981815,-0.028071791591501805,-2.489539497693045,0.026432776728342683,0.015088897609288785,0.9995367094226035,-0.7925817386650992,0,0,0,1,0.01509474483651041,-0.02643585575674327,1.4486646984317437,0.8648651719589383,-1.5146629626780106,83.00237314973108,2.955841599644206,-2.489539497693045,-0.7925817386650992,2025-12-04T17:51:42.791310,64302.789,2025-12-04T16:51:42.791Z
6931bc1e00312bd2b803cefd,2025-12-04T16:51:42.839Z,0.12181189533349789,-0.9924831896062243,0.011788999292397118,0.9922037218327768,0.12144525230361149,-0.02797901131377883,0.026336980397255752,0.01510526537228927,0.9995389909461199,Jakku,LHR-14BB18ED,0.12181189533349789,-0.9924831896062243,0.011788999292397118,2.955820721993148,0.9922037218327768,0.12144525230361149,-0.02797901131377883,-2.489444309226826,0.026336980397255752,0.01510526537228927,0.9995389909461199,-0.7925235936190121,0,0,0,1,0.015111081964128496,-0.02634002606332547,1.4486385726267748,0.8658012204208213,-1.5091723256931378,83.00087625136997,2.955820721993148,-2.489444309226826,-0.7925235936190121,2025-12-04T17:51:42.831597,64302.821,2025-12-04T16:51:42.831Z
6931bc1e00312bd2b803cf02,2025-12-04T16:51:42.876Z,0.12184146812606904,-0.9924789564802666,0.011839661681170175,0.9921997740562528,0.12147319927600389,-0.027997682410724475,0.02634890904010465,0.01515858837400964,0.9995378693130659,Jakku,LHR-14BB18ED,0.12184146812606904,-0.9924789564802666,0.011839661681170175,2.955874851003043,0.9921997740562528,0.12147319927600389,-0.027997682410724475,-2.489467263045125,0.02634890904010465,0.01515858837400964,0.9995378693130659,-0.7924565661457941,0,0,0,1,0.015164434349981873,-0.0263519588472751,1.448608728795626,0.8688580869571733,-1.509856023851293,82.99916632580064,2.955874851003043,-2.489467263045125,-0.7924565661457941,2025-12-04T17:51:42.871900,64302.863,2025-12-04T16:51:42.872Z
6931bc1e00312bd2b803cf08,2025-12-04T16:51:42.914Z,0.1218417594177622,-0.992479131322716,0.01182199437027997,0.9921960910392661,0.12147189725928742,-0.028133522755394973,0.02648589413977589,0.015157574513617007,0.9995342642183312,Jakku,LHR-14BB18ED,0.1218417594177622,-0.992479131322716,0.01182199437027997,2.9558147951827927,0.9921960910392661,0.12147189725928742,-0.028133522755394973,-2.4895289628539,0.02648589413977589,0.015157574513617007,0.9995342642183312,-0.7924746320660617,0,0,0,1,0.015163474936713389,-0.026488991771606553,1.448607990516644,0.8688031166260803,-1.517707432069821,82.99912402553089,2.9558147951827927,-2.4895289628539,-0.7924746320660617,2025-12-04T17:51:42.911649,64302.905,2025-12-04T16:51:42.911Z
6931bc1e00312bd2b803cf0e,2025-12-04T16:51:42.955Z,0.12183356392965537,-0.992480620034795,0.011781407197236051,0.9921965188257729,0.12146452631143326,-0.028150255379935207,0.026507559869121754,0.015119117146434002,0.9995342723321184,Jakku,LHR-14BB18ED,0.12183356392965537,-0.992480620034795,0.011781407197236051,2.955843560470394,0.9921965188257729,0.12146452631143326,-0.028150255379935207,-2.489526021448784,0.026507559869121754,0.015119117146434002,0.9995342723321184,-0.7924751397705302,0,0,0,1,0.015125008351015547,-0.02651066511046009,1.4486161799197572,0.8665991436133156,-1.5189492229140857,82.99959324376601,2.955843560470394,-2.489526021448784,-0.7924751397705302,2025-12-04T17:51:42.951731,64302.947,2025-12-04T16:51:42.952Z
6931bc1e00312bd2b803cf14,2025-12-04T16:51:42.994Z,0.12178735838673341,-0.9924867045169772,0.01174651838680648,0.9922031678609898,0.12141989008937461,-0.028108432494531176,0.02647098456417651,0.015078184496627517,0.999535859951252,Jakku,LHR-14BB18ED,0.12178735838673341,-0.9924867045169772,0.01174651838680648,2.955758009103821,0.9922031678609898,0.12141989008937461,-0.028108432494531176,-2.4894896538958413,0.02647098456417651,0.015078184496627517,0.999535859951252,-0.7925046882778031,0,0,0,1,0.015084042015930567,-0.02647407696664761,1.4486628677342623,0.8642519455108275,-1.5168528766934126,83.00226825849182,2.955758009103821,-2.4894896538958413,-0.7925046882778031,2025-12-04T17:51:42.991929,64302.989,2025-12-04T16:51:42.992Z
6931bc1f00312bd2b803cf1a,2025-12-04T16:51:43.034Z,0.12173435315552406,-0.992492322577276,0.011821035782456897,0.99220800364857,0.12136384718704242,-0.028179675152109316,0.026533464860895768,0.015159360841544726,0.9995329754547129,Jakku,LHR-14BB18ED,0.12173435315552406,-0.992492322577276,0.011821035782456897,2.95583913162958,0.99220800364857,0.12136384718704242,-0.028179675152109316,-2.489668441915753,0.026533464860895768,0.015159360841544726,0.9995329754547129,-0.7923975607136557,0,0,0,1,0.015165281236616807,-0.02653657921702025,1.4487160860092625,0.8689066099870809,-1.520433991849835,83.00531744104231,2.95583913162958,-2.489668441915753,-0.7923975607136557,2025-12-04T17:51:43.032294,64303.031,2025-12-04T16:51:43.032Z
